sqlite> select * from subjects (high_fear);
1|12|24|16|68|9|21|13|69
2|8|10|17|57|5|8|14|92
3|5|12|23|66|5|12|15|90
4|14|20|21|50|7|27|15|80
5|11|18|17|84|4|30|10|109
6|10|20|20|52|6|28|19|85
7|9|21|15|65|3|21|9|95
8|10|22|17|72|6|30|15|75
9|7|20|16|82|7|30|16|83
10|7|14|18|71|6|5|14|99
11|4|30|16|76|9|27|15|76
12|9|30|21|65|6|30|12|80
13|8|8|19|65|6|7|17|87
14|11|20|19|70|6|36|16|72
15|6|9|21|78|8|22|14|80
16|6|12|14|63|7|6|17|93
17|6|13|13|77|4|12|9|82
18|10|23|14|85|5|30|10|105
19|12|31|20|58|6|29|16|82
20|8|22|20|83|6|26|16|107
21|12|24|22|58|6|21|13|72
22|8|40|23|72|5|32|14|83




HIGH_ FEAR
1,12,24,16,68,9,21,13,69
2,8,10,17,57,5,8,14,92
3,5,12,23,66,5,12,15,90
4,14,20,21,50,7,27,15,80
5,11,18,17,84,4,30,10,109
6,10,20,20,52,6,28,19,85
7,9,21,15,65,3,21,9,95
8,10,22,17,72,6,30,15,75
9,7,20,16,82,7,30,16,83
10,7,14,18,71,6,5,14,99
11,4,30,16,76,9,27,15,76
12,9,30,21,65,6,30,12,80
13,8,8,19,65,6,7,17,87
14,11,20,19,70,6,36,16,72
15,6,9,21,78,8,22,14,80
16,6,12,14,63,7,6,17,93
17,6,13,13,77,4,12,9,82
18,10,23,14,85,5,30,10,105
19,12,31,20,58,6,29,16,82
20,8,22,20,83,6,26,16,107
21,12,24,22,58,6,21,13,72
22,8,40,23,72,5,32,14,83


sqlite> select * from subjects (low_fear);
1|12|24|16|68|8|13|16|68
2|8|10|17|57|4|9|19|92
3|5|12|23|66|6|6|21|70
4|14|20|21|50|10|20|20|57
5|11|18|17|84|12|23|18|84
6|10|20|20|52|11|25|20|52
7|9|21|15|65|7|12|14|65
8|10|22|17|72|9|30|14|70
9|7|20|16|82|8|30|16|81
10|7|14|18|71|6|13|20|86
11|4|30|16|76|7|4|16|76
12|9|30|21|65|7|36|25|64
13|8|8|19|65|5|8|19|66
14|11|20|19|70|8|31|22|69
15|6|9|21|78|8|30|19|80
16|6|12|14|63|8|8|16|68
17|6|13|13|77|5|16|16|75
18|10|23|14|85|8|31|24|105
19|12|31|20|58|9|32|17|72
20|8|22|20|83|6|39|16|97
21|12|24|22|58|11|28|20|80
22|8|40|23|72|8|39|24|75


LOW_ FEAR
1,12,24,16,68,8,13,16,68
2,8,10,17,57,4,9,19,92
3,5,12,23,66,6,6,21,70
4,14,20,21,50,10,20,20,57
5,11,18,17,84,12,23,18,84
6,10,20,20,52,11,25,20,52
7,9,21,15,65,7,12,14,65
8,10,22,17,72,9,30,14,70
9,7,20,16,82,8,30,16,81
10,7,14,18,71,6,13,20,86
11,4,30,16,76,7,4,16,76
12,9,30,21,65,7,36,25,64
13,8,8,19,65,5,8,19,66
14,11,20,19,70,8,31,22,69
15,6,9,21,78,8,30,19,80
16,6,12,14,63,8,8,16,68
17,6,13,13,77,5,16,16,75
18,10,23,14,85,8,31,24,105
19,12,31,20,58,9,32,17,72
20,8,22,20,83,6,39,16,97
21,12,24,22,58,11,28,20,80
22,8,40,23,72,8,39,24,75



    AGE_GENDER
137“F”241“M”360“M”425“F”535“F”643“F”735“F”860“F”952“M”1054“M”1124“M”1263“F”1361“M”1462“F”1540“M”1643“M”1746“F”1857“M”1958“M”2057“M”2160“F”2254“M”


